mean1 = 2.862658
mean2 = 3.172601